Antelope Valley 2011                        	 -119.527000 	 38.593000 	 38.000000 	 0.000000 	 -0.000350 	 0.000350 	 0.000450 	 0.000100 	 0.000800 	 0.000279 	 -0.000140 	 -0.000419 	 -0.000218 	 0.000109 	 0.000327 	 -0.000218 	 0.000109 	 0.000327 	 0.000171 	 -0.000085 	 -0.000256 
Ash Hill                                    	 -117.418900 	 36.282900 	 355.000000 	 -0.000300 	 -0.000400 	 -0.000200 	 -0.000000 	 -0.000100 	 0.000100 	 0.000026 	 0.000017 	 0.000035 	 0.000002 	 0.000002 	 0.000003 	 -0.000298 	 -0.000198 	 -0.000397 	 -0.000026 	 -0.000017 	 -0.000035 
Ash Hill                                    	 -117.369500 	 36.161200 	 340.000000 	 -0.000450 	 -0.000500 	 -0.000400 	 -0.000000 	 -0.000050 	 0.000050 	 0.000145 	 0.000129 	 0.000161 	 0.000053 	 0.000047 	 0.000058 	 -0.000397 	 -0.000353 	 -0.000442 	 -0.000145 	 -0.000129 	 -0.000161 
Battle Creek 2011 CFM                       	 -121.990000 	 40.440000 	 75.000000 	 0.000000 	 -0.000039 	 0.000039 	 -0.000021 	 -0.000060 	 0.000018 	 -0.000001 	 0.000001 	 0.000002 	 0.000005 	 -0.000003 	 -0.000008 	 0.000005 	 -0.000003 	 -0.000008 	 -0.000020 	 0.000010 	 0.000030 
Big Lagoon - Bald Mountain 2011 CFM         	 -124.092000 	 41.190000 	 337.000000 	 0.000000 	 -0.000100 	 0.000130 	 -0.000451 	 -0.000551 	 -0.000321 	 -0.000382 	 0.000312 	 0.000472 	 -0.000162 	 0.000133 	 0.000200 	 -0.000162 	 0.000133 	 0.000200 	 -0.000069 	 0.000056 	 0.000085 
Blackwater fault                            	 -117.200800 	 35.206900 	 323.000000 	 -0.000490 	 -0.000530 	 -0.000450 	 -0.000000 	 -0.000040 	 0.000040 	 0.000236 	 0.000216 	 0.000255 	 0.000177 	 0.000163 	 0.000192 	 -0.000313 	 -0.000287 	 -0.000338 	 -0.000236 	 -0.000216 	 -0.000255 
Breckenridge 2011                           	 -118.545000 	 35.431000 	 3.000000 	 0.000000 	 -0.000050 	 0.000050 	 0.000050 	 0.000000 	 0.000100 	 0.000050 	 -0.000025 	 -0.000075 	 -0.000003 	 0.000001 	 0.000004 	 -0.000003 	 0.000001 	 0.000004 	 0.000000 	 -0.000000 	 -0.000000 
Calaveras (Central) 2011 CFM                	 -121.492400 	 37.022600 	 330.000000 	 -0.014000 	 -0.019000 	 -0.009000 	 -0.000000 	 -0.005000 	 0.005000 	 0.006062 	 0.003897 	 0.008227 	 0.003500 	 0.002250 	 0.004750 	 -0.010500 	 -0.006750 	 -0.014250 	 -0.006062 	 -0.003897 	 -0.008227 
Calaveras (No) 2011 CFM                     	 -121.850100 	 37.534600 	 330.000000 	 -0.005500 	 -0.008000 	 -0.003000 	 -0.000000 	 -0.002500 	 0.002500 	 0.002382 	 0.001299 	 0.003464 	 0.001375 	 0.000750 	 0.002000 	 -0.004125 	 -0.002250 	 -0.006000 	 -0.002382 	 -0.001299 	 -0.003464 
Calaveras (No) 2011 CFM                     	 -121.850100 	 37.534600 	 330.000000 	 -0.005500 	 -0.006000 	 -0.005000 	 -0.000000 	 -0.000500 	 0.000500 	 0.002382 	 0.002165 	 0.002598 	 0.001375 	 0.001250 	 0.001500 	 -0.004125 	 -0.003750 	 -0.004500 	 -0.002382 	 -0.002165 	 -0.002598 
Calaveras (No) 2011 CFM                     	 -121.833300 	 37.511300 	 8.000000 	 -0.005000 	 -0.007000 	 -0.003000 	 -0.000000 	 -0.002000 	 0.002000 	 -0.000689 	 -0.000413 	 -0.000965 	 0.000097 	 0.000058 	 0.000136 	 -0.004903 	 -0.002942 	 -0.006864 	 0.000689 	 0.000413 	 0.000965 
Calico-Hidalgo                              	 -116.602000 	 34.750000 	 315.000000 	 -0.001400 	 -0.001800 	 -0.001000 	 -0.000000 	 -0.000400 	 0.000400 	 0.000700 	 0.000500 	 0.000900 	 0.000700 	 0.000500 	 0.000900 	 -0.000700 	 -0.000500 	 -0.000900 	 -0.000700 	 -0.000500 	 -0.000900 
Calico-Hidalgo                              	 -116.602000 	 34.750000 	 315.000000 	 -0.001800 	 -0.002100 	 -0.001000 	 -0.000000 	 -0.000300 	 0.000800 	 0.000900 	 0.000750 	 0.001300 	 0.000900 	 0.000750 	 0.001300 	 -0.000900 	 -0.000750 	 -0.001300 	 -0.000900 	 -0.000750 	 -0.001300 
Carson Range (Genoa)                        	 -119.822600 	 38.777200 	 328.000000 	 0.000000 	 -0.000500 	 0.000500 	 0.000643 	 0.000143 	 0.001143 	 0.000462 	 -0.000231 	 -0.000693 	 0.000289 	 -0.000144 	 -0.000433 	 0.000289 	 -0.000144 	 -0.000433 	 0.000181 	 -0.000090 	 -0.000271 
Carson Range (Genoa)                        	 -119.843300 	 39.059700 	 338.000000 	 0.000000 	 -0.000500 	 0.000500 	 0.001607 	 0.001107 	 0.002107 	 0.001381 	 -0.001105 	 -0.001658 	 0.000558 	 -0.000447 	 -0.000670 	 0.000558 	 -0.000447 	 -0.000670 	 0.000226 	 -0.000180 	 -0.000271 
Carson Range (Genoa)                        	 -119.835300 	 38.983600 	 347.000000 	 0.000000 	 -0.000500 	 0.000500 	 0.001607 	 0.001107 	 0.002107 	 0.001526 	 -0.001221 	 -0.001831 	 0.000352 	 -0.000282 	 -0.000423 	 0.000352 	 -0.000282 	 -0.000423 	 0.000081 	 -0.000065 	 -0.000098 
Carson Range (Genoa)                        	 -119.822600 	 38.777200 	 328.000000 	 0.000000 	 -0.000250 	 0.000250 	 0.000354 	 0.000104 	 0.000604 	 0.000254 	 -0.000139 	 -0.000370 	 0.000159 	 -0.000087 	 -0.000231 	 0.000159 	 -0.000087 	 -0.000231 	 0.000099 	 -0.000054 	 -0.000144 
Cleghorn                                    	 -117.370000 	 34.288000 	 268.000000 	 0.000450 	 0.000300 	 0.000600 	 -0.000000 	 -0.000150 	 0.000150 	 0.000016 	 0.000010 	 0.000021 	 -0.000449 	 -0.000300 	 -0.000599 	 0.000001 	 0.000000 	 0.000001 	 -0.000016 	 -0.000010 	 -0.000021 
Concord 2011 CFM                            	 -122.032000 	 37.965700 	 333.000000 	 -0.003400 	 -0.003700 	 -0.003100 	 -0.000000 	 -0.000300 	 0.000300 	 0.001375 	 0.001254 	 0.001497 	 0.000701 	 0.000639 	 0.000763 	 -0.002699 	 -0.002461 	 -0.002937 	 -0.001375 	 -0.001254 	 -0.001497 
Cucamonga                                   	 -117.532000 	 34.167800 	 274.000000 	 0.000000 	 -0.000100 	 0.000100 	 -0.000778 	 -0.000878 	 -0.000678 	 -0.000004 	 0.000003 	 0.000004 	 -0.000054 	 0.000049 	 0.000059 	 -0.000054 	 0.000049 	 0.000059 	 -0.000774 	 0.000704 	 0.000844 
Death Valley (Black Mts Frontal)            	 -116.733200 	 36.074800 	 38.000000 	 -0.001732 	 -0.002732 	 -0.000732 	 0.000500 	 -0.000500 	 0.001500 	 -0.000530 	 -0.000575 	 -0.001726 	 0.000414 	 0.000450 	 0.001349 	 -0.001318 	 -0.000416 	 -0.001249 	 0.001030 	 0.000325 	 0.000976 
Death Valley (Fish Lake Valley)             	 -118.180000 	 37.787000 	 336.000000 	 -0.002165 	 -0.002565 	 -0.001765 	 0.000000 	 -0.000400 	 0.000400 	 0.000804 	 0.000676 	 0.000933 	 0.000358 	 0.000301 	 0.000415 	 -0.001807 	 -0.001518 	 -0.002096 	 -0.000804 	 -0.000676 	 -0.000933 
Death Valley (Fish Lake Valley)             	 -118.010500 	 37.567600 	 318.000000 	 -0.002685 	 -0.003085 	 -0.002285 	 0.000000 	 -0.000400 	 0.000400 	 0.001335 	 0.001163 	 0.001507 	 0.001202 	 0.001047 	 0.001357 	 -0.001483 	 -0.001291 	 -0.001674 	 -0.001335 	 -0.001163 	 -0.001507 
Death Valley (No)                           	 -117.260000 	 36.880000 	 326.000000 	 -0.004500 	 -0.005900 	 -0.002900 	 -0.000000 	 -0.001400 	 0.001600 	 0.002086 	 0.001437 	 0.002828 	 0.001407 	 0.000969 	 0.001907 	 -0.003093 	 -0.002131 	 -0.004193 	 -0.002086 	 -0.001437 	 -0.002828 
Deep Springs                                	 -117.966000 	 37.372000 	 202.000000 	 0.000000 	 -0.000450 	 0.000450 	 0.000579 	 0.000129 	 0.001029 	 0.000497 	 -0.000249 	 -0.000746 	 -0.000201 	 0.000100 	 0.000301 	 -0.000201 	 0.000100 	 0.000301 	 0.000081 	 -0.000041 	 -0.000122 
Elsinore (Glen Ivy) rev                     	 -117.499000 	 33.763000 	 316.000000 	 -0.004450 	 -0.007600 	 0.000400 	 -0.000000 	 -0.003150 	 0.004850 	 0.002224 	 0.000650 	 0.004647 	 0.002147 	 0.000627 	 0.004488 	 -0.002303 	 -0.000673 	 -0.004812 	 -0.002224 	 -0.000650 	 -0.004647 
Elsinore (Glen Ivy) rev                     	 -117.499000 	 33.763000 	 316.000000 	 -0.006000 	 -0.009200 	 0.000200 	 -0.000000 	 -0.003200 	 0.006200 	 0.002998 	 0.001399 	 0.006096 	 0.002895 	 0.001351 	 0.005887 	 -0.003105 	 -0.001449 	 -0.006313 	 -0.002998 	 -0.001399 	 -0.006096 
Elsinore (Glen Ivy) rev                     	 -117.499000 	 33.763000 	 316.000000 	 -0.005600 	 -0.005900 	 -0.005300 	 -0.000000 	 -0.000300 	 0.000300 	 0.002798 	 0.002648 	 0.002948 	 0.002702 	 0.002558 	 0.002847 	 -0.002898 	 -0.002742 	 -0.003053 	 -0.002798 	 -0.002648 	 -0.002948 
Elsinore (Glen Ivy) rev                     	 -117.499000 	 33.763000 	 316.000000 	 -0.006200 	 -0.008600 	 -0.001200 	 -0.000000 	 -0.002400 	 0.005000 	 0.003098 	 0.001899 	 0.005597 	 0.002992 	 0.001834 	 0.005405 	 -0.003208 	 -0.001966 	 -0.005795 	 -0.003098 	 -0.001899 	 -0.005597 
Elysian Park (Upper)                        	 -118.181000 	 34.064000 	 273.000000 	 0.000000 	 -0.000700 	 0.000700 	 -0.000964 	 -0.001664 	 -0.000264 	 -0.000003 	 0.000001 	 0.000004 	 -0.000050 	 0.000027 	 0.000074 	 -0.000050 	 0.000027 	 0.000074 	 -0.000962 	 0.000513 	 0.001410 
Fickle Hill (alt1)                          	 -124.076000 	 40.867000 	 320.000000 	 0.000000 	 -0.000350 	 0.000350 	 -0.000573 	 -0.000923 	 -0.000223 	 -0.000336 	 0.000168 	 0.000505 	 -0.000282 	 0.000141 	 0.000424 	 -0.000282 	 0.000141 	 0.000424 	 -0.000237 	 0.000118 	 0.000355 
Fickle Hill (alt1)                          	 -124.010000 	 40.804000 	 320.000000 	 0.000000 	 -0.000200 	 0.000200 	 -0.000819 	 -0.001019 	 -0.000619 	 -0.000481 	 0.000385 	 0.000577 	 -0.000403 	 0.000323 	 0.000484 	 -0.000403 	 0.000323 	 0.000484 	 -0.000338 	 0.000271 	 0.000406 
Fish Slough 2011 CFM                        	 -118.403800 	 37.489000 	 180.000000 	 0.000000 	 -0.000100 	 0.000100 	 0.000100 	 0.000000 	 0.000200 	 0.000100 	 -0.000050 	 -0.000150 	 0.000000 	 -0.000000 	 -0.000000 	 0.000000 	 -0.000000 	 -0.000000 	 0.000000 	 -0.000000 	 -0.000000 
Garlock (Central)                           	 -117.851000 	 35.372000 	 237.000000 	 0.006500 	 0.005000 	 0.008000 	 -0.000000 	 -0.001500 	 0.001500 	 0.002969 	 0.002284 	 0.003654 	 -0.004572 	 -0.003517 	 -0.005627 	 0.001928 	 0.001483 	 0.002373 	 -0.002969 	 -0.002284 	 -0.003654 
Garlock (Central)                           	 -117.265000 	 35.546000 	 256.000000 	 0.006000 	 0.005000 	 0.011000 	 -0.000000 	 -0.001000 	 0.005000 	 0.001408 	 0.001174 	 0.002582 	 -0.005649 	 -0.004707 	 -0.010356 	 0.000351 	 0.000293 	 0.000644 	 -0.001408 	 -0.001174 	 -0.002582 
Garlock (Central)                           	 -117.265000 	 35.546000 	 256.000000 	 0.006000 	 0.005000 	 0.011000 	 -0.000000 	 -0.001000 	 0.005000 	 0.001408 	 0.001174 	 0.002582 	 -0.005649 	 -0.004707 	 -0.010356 	 0.000351 	 0.000293 	 0.000644 	 -0.001408 	 -0.001174 	 -0.002582 
Garlock (Central)                           	 -117.560203 	 35.479139 	 254.000000 	 0.005100 	 0.004800 	 0.005400 	 -0.000000 	 -0.000300 	 0.000300 	 0.001351 	 0.001272 	 0.001431 	 -0.004713 	 -0.004435 	 -0.004990 	 0.000387 	 0.000365 	 0.000410 	 -0.001351 	 -0.001272 	 -0.001431 
Garlock (Central)                           	 -117.560203 	 35.479139 	 254.000000 	 0.006600 	 0.005400 	 0.007800 	 -0.000000 	 -0.001200 	 0.001200 	 0.001749 	 0.001431 	 0.002067 	 -0.006099 	 -0.004990 	 -0.007207 	 0.000501 	 0.000410 	 0.000593 	 -0.001749 	 -0.001431 	 -0.002067 
Garlock (Central)                           	 -117.560203 	 35.479139 	 254.000000 	 0.005300 	 0.002800 	 0.006300 	 -0.000000 	 -0.002500 	 0.001000 	 0.001404 	 0.000742 	 0.001669 	 -0.004897 	 -0.002587 	 -0.005821 	 0.000403 	 0.000213 	 0.000479 	 -0.001404 	 -0.000742 	 -0.001669 
Garlock (West)                              	 -118.087000 	 35.206000 	 223.000000 	 0.007600 	 0.005300 	 0.010700 	 -0.000000 	 -0.002300 	 0.003100 	 0.003791 	 0.002644 	 0.005337 	 -0.003535 	 -0.002465 	 -0.004977 	 0.004065 	 0.002835 	 0.005723 	 -0.003791 	 -0.002644 	 -0.005337 
Garlock (West)                              	 -118.398000 	 35.035000 	 237.000000 	 0.002450 	 0.001600 	 0.003300 	 -0.000000 	 -0.000850 	 0.000850 	 0.001119 	 0.000731 	 0.001507 	 -0.001723 	 -0.001125 	 -0.002321 	 0.000727 	 0.000475 	 0.000979 	 -0.001119 	 -0.000731 	 -0.001507 
Great Valley 06 (Midland) 2011 CFM alt1     	 -121.646000 	 38.061000 	 178.000000 	 0.000000 	 -0.000200 	 0.000200 	 -0.000273 	 -0.000473 	 -0.000073 	 -0.000272 	 0.000136 	 0.000409 	 -0.000010 	 0.000005 	 0.000014 	 -0.000010 	 0.000005 	 0.000014 	 -0.000000 	 0.000000 	 0.000000 
Great Valley 06 (Midland) 2011 CFM alt1     	 -121.646000 	 38.061000 	 178.000000 	 0.000000 	 -0.000400 	 0.000700 	 -0.000341 	 -0.000741 	 0.000359 	 -0.000341 	 0.000068 	 0.000817 	 -0.000012 	 0.000002 	 0.000029 	 -0.000012 	 0.000002 	 0.000029 	 -0.000000 	 0.000000 	 0.000001 
Hayward (No) 2011 CFM                       	 -122.251100 	 37.871600 	 335.000000 	 -0.010400 	 -0.012400 	 -0.008400 	 -0.000000 	 -0.002000 	 0.002000 	 0.003983 	 0.003217 	 0.004749 	 0.001858 	 0.001500 	 0.002215 	 -0.008542 	 -0.006900 	 -0.010185 	 -0.003983 	 -0.003217 	 -0.004749 
Hayward (So) 2011 CFM                       	 -122.004500 	 37.596100 	 322.000000 	 -0.009200 	 -0.010600 	 -0.007800 	 -0.000000 	 -0.001400 	 0.001400 	 0.004463 	 0.003784 	 0.005143 	 0.003487 	 0.002957 	 0.004018 	 -0.005713 	 -0.004843 	 -0.006582 	 -0.004463 	 -0.003784 	 -0.005143 
Hilton Creek 2011 CFM                       	 -118.764000 	 37.502000 	 4.000000 	 0.000000 	 -0.000350 	 0.000350 	 0.000289 	 -0.000061 	 0.000639 	 0.000288 	 -0.000064 	 -0.000512 	 -0.000020 	 0.000004 	 0.000036 	 -0.000020 	 0.000004 	 0.000036 	 0.000001 	 -0.000000 	 -0.000003 
Hilton Creek 2011 CFM                       	 -118.786000 	 37.563000 	 334.000000 	 0.000000 	 -0.000150 	 0.000150 	 0.000675 	 0.000525 	 0.000825 	 0.000545 	 -0.000467 	 -0.000623 	 0.000266 	 -0.000228 	 -0.000304 	 0.000266 	 -0.000228 	 -0.000304 	 0.000130 	 -0.000111 	 -0.000148 
Hilton Creek 2011 CFM                       	 -118.786000 	 37.563000 	 334.000000 	 0.000000 	 -0.000150 	 0.000150 	 0.000675 	 0.000525 	 0.000825 	 0.000545 	 -0.000467 	 -0.000623 	 0.000266 	 -0.000228 	 -0.000304 	 0.000266 	 -0.000228 	 -0.000304 	 0.000130 	 -0.000111 	 -0.000148 
Hilton Creek 2011 CFM                       	 -118.786000 	 37.563000 	 334.000000 	 0.000000 	 -0.000550 	 0.000550 	 0.000932 	 0.000382 	 0.001482 	 0.000753 	 -0.000467 	 -0.001039 	 0.000367 	 -0.000228 	 -0.000507 	 0.000367 	 -0.000228 	 -0.000507 	 0.000179 	 -0.000111 	 -0.000247 
Hilton Creek 2011 CFM                       	 -118.786000 	 37.563000 	 334.000000 	 0.000000 	 -0.000150 	 0.000150 	 0.000739 	 0.000589 	 0.000889 	 0.000597 	 -0.000519 	 -0.000675 	 0.000291 	 -0.000253 	 -0.000329 	 0.000291 	 -0.000253 	 -0.000329 	 0.000142 	 -0.000124 	 -0.000161 
Hilton Creek 2011 CFM                       	 -118.786000 	 37.563000 	 334.000000 	 0.000000 	 -0.000150 	 0.000150 	 0.000739 	 0.000589 	 0.000889 	 0.000597 	 -0.000519 	 -0.000675 	 0.000291 	 -0.000253 	 -0.000329 	 0.000291 	 -0.000253 	 -0.000329 	 0.000142 	 -0.000124 	 -0.000161 
Hilton Creek 2011 CFM                       	 -118.810000 	 37.615000 	 19.000000 	 0.000000 	 -0.000450 	 0.000450 	 0.000996 	 0.000546 	 0.001446 	 0.000891 	 -0.000632 	 -0.001149 	 -0.000307 	 0.000218 	 0.000396 	 -0.000307 	 0.000218 	 0.000396 	 0.000106 	 -0.000075 	 -0.000136 
Hollywood                                   	 -118.350300 	 34.104000 	 267.000000 	 0.000303 	 0.000103 	 0.000503 	 -0.000060 	 -0.000260 	 0.000140 	 0.000016 	 0.000007 	 0.000025 	 -0.000299 	 -0.000131 	 -0.000480 	 0.000004 	 -0.000001 	 -0.000004 	 -0.000076 	 0.000019 	 0.000069 
Honey Lake 2011 CFM                         	 -120.123000 	 40.053000 	 319.000000 	 -0.001700 	 -0.002300 	 -0.001100 	 -0.000000 	 -0.000600 	 0.000600 	 0.000842 	 0.000545 	 0.001139 	 0.000732 	 0.000473 	 0.000990 	 -0.000968 	 -0.000627 	 -0.001310 	 -0.000842 	 -0.000545 	 -0.001139 
Hosgri                                      	 -121.204000 	 35.651000 	 331.000000 	 -0.001650 	 -0.002600 	 -0.000700 	 -0.000000 	 -0.000950 	 0.000950 	 0.000700 	 0.000297 	 0.001102 	 0.000388 	 0.000165 	 0.000611 	 -0.001262 	 -0.000535 	 -0.001989 	 -0.000700 	 -0.000297 	 -0.001102 
Hosgri                                      	 -121.204000 	 35.651000 	 331.000000 	 -0.004300 	 -0.007800 	 -0.000800 	 -0.000000 	 -0.003500 	 0.003500 	 0.001823 	 0.000339 	 0.003307 	 0.001011 	 0.000188 	 0.001833 	 -0.003289 	 -0.000612 	 -0.005967 	 -0.001823 	 -0.000339 	 -0.003307 
Hosgri                                      	 -121.204000 	 35.651000 	 331.000000 	 -0.002150 	 -0.003400 	 -0.000900 	 -0.000000 	 -0.001250 	 0.001250 	 0.000912 	 0.000382 	 0.001442 	 0.000505 	 0.000212 	 0.000799 	 -0.001645 	 -0.000688 	 -0.002601 	 -0.000912 	 -0.000382 	 -0.001442 
Hunter Mountain-Saline Valley               	 -117.678000 	 36.611000 	 311.000000 	 -0.000918 	 -0.001853 	 0.000022 	 0.000000 	 -0.000935 	 0.000940 	 0.000455 	 0.000054 	 0.000858 	 0.000523 	 0.000062 	 0.000987 	 -0.000395 	 -0.000047 	 -0.000745 	 -0.000455 	 -0.000054 	 -0.000858 
Hunter Mountain-Saline Valley               	 -117.554000 	 36.531000 	 123.000000 	 -0.003161 	 -0.003511 	 -0.002811 	 0.000000 	 -0.000350 	 0.000350 	 0.001444 	 0.001305 	 0.001582 	 0.002223 	 0.002010 	 0.002437 	 -0.000938 	 -0.000848 	 -0.001028 	 -0.001444 	 -0.001305 	 -0.001582 
Imperial                                    	 -115.357000 	 32.675000 	 319.000000 	 -0.017500 	 -0.020000 	 -0.015000 	 -0.000000 	 -0.002500 	 0.002500 	 0.008665 	 0.007427 	 0.009903 	 0.007532 	 0.006456 	 0.008608 	 -0.009968 	 -0.008544 	 -0.011392 	 -0.008665 	 -0.007427 	 -0.009903 
Incline Village 2011 CFM                    	 -119.965000 	 39.234000 	 359.000000 	 0.000000 	 -0.000940 	 -0.000830 	 0.000681 	 -0.000259 	 -0.000149 	 0.000681 	 -0.000077 	 -0.000148 	 0.000012 	 -0.000001 	 -0.000003 	 0.000012 	 -0.000001 	 -0.000003 	 0.000000 	 -0.000000 	 -0.000000 
Incline Village 2011 CFM                    	 -119.965000 	 39.234000 	 359.000000 	 0.000000 	 -0.000880 	 -0.000760 	 0.000681 	 -0.000199 	 -0.000079 	 0.000681 	 -0.000116 	 -0.000193 	 0.000012 	 -0.000002 	 -0.000003 	 0.000012 	 -0.000002 	 -0.000003 	 0.000000 	 -0.000000 	 -0.000000 
Independence rev 2011                       	 -118.300000 	 36.785000 	 163.000000 	 0.000000 	 -0.000035 	 0.000035 	 0.000055 	 0.000020 	 0.000090 	 0.000050 	 -0.000029 	 -0.000071 	 0.000015 	 -0.000009 	 -0.000022 	 0.000015 	 -0.000009 	 -0.000022 	 0.000005 	 -0.000003 	 -0.000007 
Independence rev 2011                       	 -118.303300 	 36.790000 	 163.000000 	 0.000000 	 -0.000045 	 0.000045 	 0.000074 	 0.000029 	 0.000119 	 0.000068 	 -0.000041 	 -0.000094 	 0.000021 	 -0.000013 	 -0.000029 	 0.000021 	 -0.000013 	 -0.000029 	 0.000006 	 -0.000004 	 -0.000009 
Independence rev 2011                       	 -118.301700 	 36.788300 	 163.000000 	 0.000000 	 -0.000055 	 0.000055 	 0.000087 	 0.000032 	 0.000142 	 0.000079 	 -0.000047 	 -0.000112 	 0.000024 	 -0.000014 	 -0.000034 	 0.000024 	 -0.000014 	 -0.000034 	 0.000007 	 -0.000004 	 -0.000010 
Kern Canyon (Lake Isabella) 2011            	 -118.475000 	 35.640000 	 25.000000 	 0.000000 	 -0.000100 	 0.000100 	 0.000100 	 0.000000 	 0.000200 	 0.000082 	 -0.000041 	 -0.000123 	 -0.000038 	 0.000019 	 0.000057 	 -0.000038 	 0.000019 	 0.000057 	 0.000018 	 -0.000009 	 -0.000027 
Kern Canyon (North Kern) 2011               	 -118.408000 	 36.345000 	 5.000000 	 0.000000 	 -0.000050 	 0.000050 	 0.000075 	 0.000025 	 0.000125 	 0.000074 	 -0.000050 	 -0.000099 	 -0.000007 	 0.000004 	 0.000009 	 -0.000007 	 0.000004 	 0.000009 	 0.000001 	 -0.000000 	 -0.000001 
Kern Canyon (South Kern) 2011               	 -118.448700 	 36.057600 	 4.000000 	 0.000000 	 -0.000050 	 0.000050 	 0.000125 	 0.000075 	 0.000175 	 0.000124 	 -0.000100 	 -0.000149 	 -0.000009 	 0.000007 	 0.000010 	 -0.000009 	 0.000007 	 0.000010 	 0.000001 	 -0.000000 	 -0.000001 
Lenwood - Lockhart - Old Woman Springs      	 -116.984000 	 34.807000 	 307.000000 	 -0.000800 	 -0.001000 	 -0.000600 	 -0.000000 	 -0.000200 	 0.000200 	 0.000385 	 0.000288 	 0.000481 	 0.000510 	 0.000383 	 0.000638 	 -0.000290 	 -0.000217 	 -0.000362 	 -0.000385 	 -0.000288 	 -0.000481 
Lions Head 2011 CFM                         	 -120.588300 	 34.856500 	 295.000000 	 0.000000 	 0.000051 	 -0.000051 	 -0.000018 	 0.000034 	 -0.000069 	 -0.000003 	 0.000006 	 0.000001 	 -0.000007 	 0.000012 	 0.000002 	 -0.000007 	 0.000012 	 0.000002 	 -0.000015 	 0.000026 	 0.000004 
Little Lake                                 	 -117.902000 	 35.917000 	 321.000000 	 -0.000600 	 -0.000700 	 -0.000500 	 -0.000000 	 -0.000100 	 0.000100 	 0.000293 	 0.000245 	 0.000342 	 0.000238 	 0.000198 	 0.000277 	 -0.000362 	 -0.000302 	 -0.000423 	 -0.000293 	 -0.000245 	 -0.000342 
Little Salmon (Onshore)                     	 -124.190000 	 40.660000 	 333.000000 	 0.000000 	 -0.000500 	 0.000500 	 -0.001992 	 -0.002492 	 -0.001492 	 -0.001581 	 0.001238 	 0.001925 	 -0.000806 	 0.000631 	 0.000981 	 -0.000806 	 0.000631 	 0.000981 	 -0.000411 	 0.000321 	 0.000500 
Little Salmon (Onshore)                     	 -124.190000 	 40.660000 	 333.000000 	 0.000000 	 -0.002100 	 0.002100 	 -0.003984 	 -0.006084 	 -0.001884 	 -0.003163 	 0.001719 	 0.004606 	 -0.001611 	 0.000876 	 0.002347 	 -0.001611 	 0.000876 	 0.002347 	 -0.000821 	 0.000446 	 0.001196 
Los Osos 2011                               	 -120.867000 	 35.302100 	 90.000000 	 0.000000 	 -0.000100 	 0.000100 	 -0.000212 	 -0.000312 	 -0.000112 	 0.000000 	 0.000000 	 0.000000 	 -0.000000 	 -0.000000 	 -0.000000 	 0.000000 	 -0.000000 	 -0.000000 	 -0.000212 	 0.000141 	 0.000283 
Mad River - Trinidad fault zone (alt2)      	 -124.110000 	 40.930000 	 320.000000 	 0.000000 	 -0.000600 	 0.000600 	 -0.002130 	 -0.002730 	 -0.001530 	 -0.001250 	 0.000961 	 0.001538 	 -0.001049 	 0.000807 	 0.001291 	 -0.001049 	 0.000807 	 0.001291 	 -0.000880 	 0.000677 	 0.001083 
Malibu Coast alt 1                          	 -118.728300 	 34.035000 	 275.000000 	 0.000026 	 0.000011 	 0.000041 	 -0.000004 	 -0.000019 	 0.000011 	 -0.000002 	 -0.000001 	 -0.000003 	 -0.000026 	 -0.000013 	 -0.000038 	 -0.000000 	 0.000000 	 0.000001 	 -0.000002 	 0.000003 	 0.000009 
Malibu Coast alt 1                          	 -118.764600 	 34.033890 	 270.000000 	 0.001299 	 0.000799 	 0.001799 	 -0.000194 	 -0.000694 	 0.000306 	 0.000000 	 0.000000 	 0.000000 	 -0.001299 	 -0.000866 	 -0.001732 	 0.000000 	 -0.000000 	 -0.000000 	 -0.000194 	 0.000129 	 0.000259 
Malibu Coast alt 1                          	 -118.706700 	 34.035000 	 310.000000 	 0.000022 	 0.000017 	 0.000027 	 -0.000003 	 -0.000008 	 0.000002 	 -0.000012 	 -0.000007 	 -0.000011 	 -0.000014 	 -0.000009 	 -0.000013 	 0.000007 	 0.000008 	 0.000013 	 0.000009 	 0.000010 	 0.000015 
McKinleyville (alt1)                        	 -124.091000 	 40.959000 	 325.000000 	 0.000000 	 -0.000100 	 0.000100 	 -0.000410 	 -0.000510 	 -0.000310 	 -0.000275 	 0.000220 	 0.000330 	 -0.000192 	 0.000154 	 0.000231 	 -0.000192 	 0.000154 	 0.000231 	 -0.000135 	 0.000108 	 0.000162 
McKinleyville (alt1)                        	 -124.011000 	 40.870000 	 329.000000 	 0.000000 	 -0.000100 	 0.000100 	 -0.000491 	 -0.000591 	 -0.000391 	 -0.000361 	 0.000301 	 0.000421 	 -0.000217 	 0.000181 	 0.000253 	 -0.000217 	 0.000181 	 0.000253 	 -0.000130 	 0.000109 	 0.000152 
McKinleyville (alt1)                        	 -124.115000 	 40.975000 	 320.000000 	 0.000000 	 -0.000050 	 0.000050 	 -0.000614 	 -0.000664 	 -0.000564 	 -0.000361 	 0.000336 	 0.000385 	 -0.000303 	 0.000282 	 0.000323 	 -0.000303 	 0.000282 	 0.000323 	 -0.000254 	 0.000237 	 0.000271 
Mission Ridge - Arroyo Parida - Santa Ana   	 -119.300000 	 34.428000 	 263.000000 	 0.000000 	 -0.000630 	 0.000600 	 -0.000342 	 -0.000972 	 0.000258 	 -0.000005 	 0.000002 	 0.000008 	 0.000041 	 -0.000015 	 -0.000066 	 0.000041 	 -0.000015 	 -0.000066 	 -0.000337 	 0.000125 	 0.000539 
Mission Ridge - Arroyo Parida - Santa Ana   	 -119.300000 	 34.428000 	 263.000000 	 0.000000 	 -0.001130 	 0.000800 	 -0.000513 	 -0.001643 	 0.000287 	 -0.000008 	 0.000002 	 0.000012 	 0.000062 	 -0.000015 	 -0.000095 	 0.000062 	 -0.000015 	 -0.000095 	 -0.000505 	 0.000125 	 0.000775 
Mono Lake 2011 CFM                          	 -119.115000 	 37.948000 	 327.000000 	 0.000000 	 -0.000100 	 0.000100 	 0.000257 	 0.000157 	 0.000357 	 0.000181 	 -0.000136 	 -0.000226 	 0.000117 	 -0.000088 	 -0.000147 	 0.000117 	 -0.000088 	 -0.000147 	 0.000076 	 -0.000057 	 -0.000095 
Mono Lake 2011 CFM                          	 -119.178000 	 38.032000 	 346.000000 	 0.000000 	 -0.000240 	 0.000240 	 0.000746 	 0.000506 	 0.000986 	 0.000702 	 -0.000557 	 -0.000847 	 0.000175 	 -0.000139 	 -0.000211 	 0.000175 	 -0.000139 	 -0.000211 	 0.000044 	 -0.000035 	 -0.000053 
Newport-Inglewood alt 1                     	 -118.366400 	 34.006140 	 339.000000 	 -0.000480 	 -0.000720 	 -0.000240 	 -0.000000 	 -0.000240 	 0.000240 	 0.000161 	 0.000080 	 0.000241 	 0.000062 	 0.000031 	 0.000092 	 -0.000418 	 -0.000209 	 -0.000628 	 -0.000161 	 -0.000080 	 -0.000241 
North Frontal (West)                        	 -117.197000 	 34.410000 	 41.000000 	 0.000000 	 -0.001090 	 -0.001020 	 -0.000761 	 -0.001851 	 -0.001781 	 -0.000433 	 0.000026 	 0.000052 	 0.000377 	 -0.000023 	 -0.000045 	 0.000377 	 -0.000023 	 -0.000045 	 -0.000328 	 0.000020 	 0.000040 
North Frontal (West)                        	 -117.050000 	 34.410000 	 145.000000 	 0.000000 	 0.000150 	 0.014800 	 -0.000131 	 0.000019 	 0.014669 	 -0.000088 	 0.000154 	 0.006603 	 -0.000062 	 0.000108 	 0.004624 	 -0.000062 	 0.000108 	 0.004624 	 -0.000043 	 0.000076 	 0.003238 
North Tahoe 2011 CFM                        	 -120.044000 	 39.154000 	 26.000000 	 0.000000 	 -0.000810 	 -0.000560 	 0.000746 	 -0.000064 	 0.000186 	 0.000602 	 -0.000182 	 -0.000312 	 -0.000294 	 0.000089 	 0.000152 	 -0.000294 	 0.000089 	 0.000152 	 0.000143 	 -0.000043 	 -0.000074 
Oak Ridge (Onshore)                         	 -118.854000 	 34.386000 	 85.000000 	 0.000000 	 -0.000400 	 0.000400 	 -0.001606 	 -0.002006 	 -0.001206 	 -0.000012 	 0.000011 	 0.000013 	 0.000139 	 -0.000125 	 -0.000154 	 0.000139 	 -0.000125 	 -0.000154 	 -0.001594 	 0.001426 	 0.001762 
Oak Ridge (Onshore)                         	 -118.854000 	 34.386000 	 85.000000 	 0.000000 	 -0.000400 	 0.000400 	 -0.001733 	 -0.002133 	 -0.001333 	 -0.000013 	 0.000012 	 0.000014 	 0.000150 	 -0.000136 	 -0.000165 	 0.000150 	 -0.000136 	 -0.000165 	 -0.001720 	 0.001552 	 0.001887 
Oak Ridge (Onshore)                         	 -118.986720 	 34.353370 	 80.000000 	 0.000000 	 0.003640 	 0.003740 	 -0.000490 	 0.003150 	 0.003250 	 -0.000015 	 0.000061 	 0.000062 	 0.000084 	 -0.000347 	 -0.000354 	 0.000084 	 -0.000347 	 -0.000354 	 -0.000475 	 0.001967 	 0.002008 
Ortigilita (North)                          	 -121.134200 	 37.106700 	 338.000000 	 -0.001500 	 -0.002500 	 -0.000500 	 -0.000000 	 -0.001000 	 0.001000 	 0.000521 	 0.000174 	 0.000868 	 0.000210 	 0.000070 	 0.000351 	 -0.001290 	 -0.000430 	 -0.002149 	 -0.000521 	 -0.000174 	 -0.000868 
Owens Valley                                	 -118.269000 	 37.080000 	 354.000000 	 -0.000240 	 -0.000280 	 -0.000200 	 -0.000000 	 -0.000040 	 0.000040 	 0.000025 	 0.000021 	 0.000029 	 0.000003 	 0.000002 	 0.000003 	 -0.000237 	 -0.000198 	 -0.000277 	 -0.000025 	 -0.000021 	 -0.000029 
Owens Valley                                	 -118.293000 	 37.144500 	 332.000000 	 -0.003650 	 -0.004500 	 -0.002800 	 -0.000000 	 -0.000850 	 0.000850 	 0.001513 	 0.001161 	 0.001865 	 0.000804 	 0.000617 	 0.000992 	 -0.002846 	 -0.002183 	 -0.003508 	 -0.001513 	 -0.001161 	 -0.001865 
Owl Lake                                    	 -116.868000 	 35.609000 	 233.000000 	 0.004150 	 0.000500 	 0.007800 	 -0.000000 	 -0.003650 	 0.003650 	 0.001995 	 0.000240 	 0.003749 	 -0.002647 	 -0.000319 	 -0.004975 	 0.001503 	 0.000181 	 0.002825 	 -0.001995 	 -0.000240 	 -0.003749 
Palos Verdes                                	 -118.254000 	 33.729000 	 318.000000 	 -0.003650 	 -0.004600 	 -0.004300 	 -0.000000 	 -0.000950 	 -0.000650 	 0.001815 	 0.001343 	 0.001492 	 0.001634 	 0.001209 	 0.001343 	 -0.002016 	 -0.001491 	 -0.001657 	 -0.001815 	 -0.001343 	 -0.001492 
Palos Verdes                                	 -118.296200 	 33.779900 	 304.000000 	 -0.003000 	 -0.003500 	 -0.002200 	 -0.000000 	 -0.000500 	 0.000800 	 0.001391 	 0.001159 	 0.001762 	 0.002062 	 0.001718 	 0.002612 	 -0.000938 	 -0.000782 	 -0.001188 	 -0.001391 	 -0.001159 	 -0.001762 
Palos Verdes                                	 -118.124100 	 33.551700 	 330.000000 	 -0.003300 	 -0.003600 	 -0.003000 	 -0.000000 	 -0.000300 	 0.000300 	 0.001429 	 0.001299 	 0.001559 	 0.000825 	 0.000750 	 0.000900 	 -0.002475 	 -0.002250 	 -0.002700 	 -0.001429 	 -0.001299 	 -0.001559 
Panamint Valley                             	 -117.184600 	 35.905500 	 153.000000 	 -0.001819 	 -0.002319 	 -0.001319 	 0.000000 	 -0.000500 	 0.000500 	 0.000736 	 0.000561 	 0.000911 	 0.000375 	 0.000286 	 0.000464 	 -0.001444 	 -0.001100 	 -0.001788 	 -0.000736 	 -0.000561 	 -0.000911 
Panamint Valley                             	 -117.208400 	 36.055800 	 210.000000 	 -0.002338 	 -0.003838 	 -0.000838 	 0.000000 	 -0.001500 	 0.001500 	 -0.001013 	 -0.000450 	 -0.001575 	 0.000585 	 0.000260 	 0.000909 	 -0.001754 	 -0.000779 	 -0.002728 	 0.001013 	 0.000450 	 0.001575 
Panamint Valley                             	 -117.208400 	 36.055800 	 210.000000 	 -0.002858 	 -0.003558 	 -0.002158 	 0.000000 	 -0.000700 	 0.000700 	 -0.001238 	 -0.000975 	 -0.001500 	 0.000714 	 0.000563 	 0.000866 	 -0.002143 	 -0.001689 	 -0.002598 	 0.001238 	 0.000975 	 0.001500 
Pinto Mtn                                   	 -116.300000 	 34.140000 	 266.000000 	 0.002800 	 0.000300 	 0.005300 	 -0.000000 	 -0.002500 	 0.002500 	 0.000195 	 0.000021 	 0.000369 	 -0.002786 	 -0.000299 	 -0.005274 	 0.000014 	 0.000001 	 0.000026 	 -0.000195 	 -0.000021 	 -0.000369 
Pisgah-Bullion - Mesquite Lk                	 -116.394000 	 34.672000 	 341.000000 	 -0.001000 	 -0.001200 	 -0.000800 	 -0.000000 	 -0.000200 	 0.000200 	 0.000308 	 0.000246 	 0.000369 	 0.000106 	 0.000085 	 0.000127 	 -0.000894 	 -0.000715 	 -0.001073 	 -0.000308 	 -0.000246 	 -0.000369 
Pleito                                      	 -118.949600 	 34.931300 	 90.000000 	 0.000000 	 -0.000050 	 0.000050 	 -0.000938 	 -0.000988 	 -0.000888 	 0.000000 	 0.000000 	 0.000000 	 -0.000000 	 -0.000000 	 -0.000000 	 0.000000 	 -0.000000 	 -0.000000 	 -0.000938 	 0.000903 	 0.000973 
Polaris 2011 CFM                            	 -120.134000 	 39.340000 	 324.000000 	 -0.000400 	 -0.000800 	 0.000100 	 -0.000000 	 -0.000400 	 0.000500 	 0.000190 	 0.000000 	 0.000428 	 0.000138 	 0.000000 	 0.000311 	 -0.000262 	 0.000000 	 -0.000589 	 -0.000190 	 0.000000 	 -0.000428 
Puente Hills (Santa Fe Springs)             	 -118.080000 	 33.910000 	 80.000000 	 0.000000 	 -0.000180 	 0.000200 	 -0.000542 	 -0.000722 	 -0.000342 	 -0.000016 	 0.000012 	 0.000022 	 0.000093 	 -0.000066 	 -0.000123 	 0.000093 	 -0.000066 	 -0.000123 	 -0.000526 	 0.000373 	 0.000696 
Red Mountain                                	 -119.445000 	 34.366700 	 280.000000 	 0.000000 	 -0.000350 	 0.000350 	 -0.001090 	 -0.001440 	 -0.000740 	 -0.000033 	 0.000027 	 0.000039 	 -0.000186 	 0.000153 	 0.000220 	 -0.000186 	 0.000153 	 0.000220 	 -0.001058 	 0.000868 	 0.001247 
Robinson Creek                              	 -119.317000 	 38.234000 	 21.000000 	 0.000000 	 -0.000150 	 0.000150 	 0.000289 	 0.000139 	 0.000439 	 0.000252 	 -0.000168 	 -0.000336 	 -0.000097 	 0.000065 	 0.000129 	 -0.000097 	 0.000065 	 0.000129 	 0.000037 	 -0.000025 	 -0.000050 
Rocky Ledge 2011 CFM                        	 -121.615400 	 40.921700 	 355.000000 	 0.000000 	 -0.000050 	 0.000050 	 0.000050 	 0.000000 	 0.000100 	 0.000050 	 -0.000025 	 -0.000074 	 0.000004 	 -0.000002 	 -0.000007 	 0.000004 	 -0.000002 	 -0.000007 	 0.000000 	 -0.000000 	 -0.000001 
Rodgers Creek - Healdsburg 2011 CFM         	 -122.540800 	 38.269500 	 323.000000 	 -0.008400 	 -0.010400 	 -0.006400 	 -0.000000 	 -0.002000 	 0.002000 	 0.004037 	 0.003076 	 0.004999 	 0.003042 	 0.002318 	 0.003767 	 -0.005358 	 -0.004082 	 -0.006633 	 -0.004037 	 -0.003076 	 -0.004999 
Round Valley                                	 -118.641000 	 37.305000 	 6.000000 	 0.000000 	 -0.000050 	 0.000050 	 0.000289 	 0.000239 	 0.000339 	 0.000286 	 -0.000254 	 -0.000318 	 -0.000030 	 0.000027 	 0.000033 	 -0.000030 	 0.000027 	 0.000033 	 0.000003 	 -0.000003 	 -0.000004 
Round Valley                                	 -118.641000 	 37.283000 	 358.000000 	 0.000000 	 -0.000050 	 0.000050 	 0.000289 	 0.000239 	 0.000339 	 0.000289 	 -0.000257 	 -0.000321 	 0.000010 	 -0.000009 	 -0.000011 	 0.000010 	 -0.000009 	 -0.000011 	 0.000000 	 -0.000000 	 -0.000000 
Round Valley                                	 -118.650000 	 37.402000 	 336.000000 	 0.000000 	 -0.000100 	 0.000100 	 0.000321 	 0.000221 	 0.000421 	 0.000268 	 -0.000215 	 -0.000322 	 0.000119 	 -0.000096 	 -0.000143 	 0.000119 	 -0.000096 	 -0.000143 	 0.000053 	 -0.000043 	 -0.000064 
Round Valley                                	 -118.650000 	 37.402000 	 336.000000 	 0.000000 	 -0.000100 	 0.000100 	 0.000321 	 0.000221 	 0.000421 	 0.000268 	 -0.000215 	 -0.000322 	 0.000119 	 -0.000096 	 -0.000143 	 0.000119 	 -0.000096 	 -0.000143 	 0.000053 	 -0.000043 	 -0.000064 
Round Valley                                	 -118.650000 	 37.402000 	 336.000000 	 0.000000 	 -0.000200 	 0.000200 	 0.000386 	 0.000186 	 0.000586 	 0.000322 	 -0.000215 	 -0.000429 	 0.000143 	 -0.000096 	 -0.000191 	 0.000143 	 -0.000096 	 -0.000191 	 0.000064 	 -0.000043 	 -0.000085 
Round Valley                                	 -118.641000 	 37.283000 	 358.000000 	 0.000000 	 -0.000200 	 0.000200 	 0.000386 	 0.000186 	 0.000586 	 0.000385 	 -0.000257 	 -0.000514 	 0.000013 	 -0.000009 	 -0.000018 	 0.000013 	 -0.000009 	 -0.000018 	 0.000000 	 -0.000000 	 -0.000001 
Round Valley                                	 -118.650000 	 37.402000 	 336.000000 	 0.000000 	 -0.000050 	 0.000050 	 0.000354 	 0.000304 	 0.000404 	 0.000295 	 -0.000268 	 -0.000322 	 0.000131 	 -0.000119 	 -0.000143 	 0.000131 	 -0.000119 	 -0.000143 	 0.000058 	 -0.000053 	 -0.000064 
Round Valley                                	 -118.641000 	 37.283000 	 358.000000 	 0.000000 	 -0.000050 	 0.000050 	 0.000354 	 0.000304 	 0.000404 	 0.000353 	 -0.000321 	 -0.000385 	 0.000012 	 -0.000011 	 -0.000013 	 0.000012 	 -0.000011 	 -0.000013 	 0.000000 	 -0.000000 	 -0.000000 
Round Valley                                	 -118.650000 	 37.402000 	 336.000000 	 0.000000 	 -0.000150 	 0.000150 	 0.000418 	 0.000268 	 0.000568 	 0.000349 	 -0.000268 	 -0.000429 	 0.000155 	 -0.000119 	 -0.000191 	 0.000155 	 -0.000119 	 -0.000191 	 0.000069 	 -0.000053 	 -0.000085 
Round Valley                                	 -118.641000 	 37.283000 	 358.000000 	 0.000000 	 -0.000200 	 0.000200 	 0.000450 	 0.000250 	 0.000650 	 0.000449 	 -0.000321 	 -0.000578 	 0.000016 	 -0.000011 	 -0.000020 	 0.000016 	 -0.000011 	 -0.000020 	 0.000001 	 -0.000000 	 -0.000001 
Round Valley                                	 -118.615000 	 37.354000 	 333.000000 	 0.000000 	 -0.000250 	 0.000250 	 0.000482 	 0.000232 	 0.000732 	 0.000383 	 -0.000255 	 -0.000510 	 0.000195 	 -0.000130 	 -0.000260 	 0.000195 	 -0.000130 	 -0.000260 	 0.000099 	 -0.000066 	 -0.000132 
Round Valley                                	 -118.650000 	 37.402000 	 336.000000 	 0.000000 	 -0.000200 	 0.000200 	 0.000514 	 0.000314 	 0.000714 	 0.000429 	 -0.000322 	 -0.000536 	 0.000191 	 -0.000143 	 -0.000239 	 0.000191 	 -0.000143 	 -0.000239 	 0.000085 	 -0.000064 	 -0.000106 
Russ 2011 CFM                               	 -124.377000 	 40.526000 	 105.000000 	 -0.000141 	 -0.000241 	 -0.000041 	 -0.000046 	 -0.000146 	 0.000054 	 0.000032 	 0.000019 	 0.000058 	 0.000120 	 0.000072 	 0.000215 	 -0.000021 	 0.000001 	 0.000003 	 -0.000078 	 0.000004 	 0.000011 
Russ 2011 CFM                               	 -124.377000 	 40.526000 	 105.000000 	 -0.000141 	 -0.000241 	 -0.000041 	 -0.000046 	 -0.000146 	 0.000054 	 0.000032 	 0.000019 	 0.000058 	 0.000120 	 0.000072 	 0.000215 	 -0.000021 	 0.000001 	 0.000003 	 -0.000078 	 0.000004 	 0.000011 
San Andreas (Carrizo) rev                   	 -119.814500 	 35.259100 	 318.000000 	 -0.034000 	 -0.051000 	 -0.017000 	 -0.000000 	 -0.017000 	 0.017000 	 0.016907 	 0.008453 	 0.025360 	 0.015223 	 0.007612 	 0.022835 	 -0.018777 	 -0.009388 	 -0.028165 	 -0.016907 	 -0.008453 	 -0.025360 
San Andreas (Carrizo) rev                   	 -119.698400 	 35.153600 	 313.000000 	 -0.032450 	 -0.035600 	 -0.029300 	 -0.000000 	 -0.003150 	 0.003150 	 0.016185 	 0.014614 	 0.017757 	 0.017357 	 0.015672 	 0.019042 	 -0.015093 	 -0.013628 	 -0.016558 	 -0.016185 	 -0.014614 	 -0.017757 
San Andreas (Carrizo) rev                   	 -119.827000 	 35.271000 	 319.000000 	 -0.033900 	 -0.036800 	 -0.031000 	 -0.000000 	 -0.002900 	 0.002900 	 0.016785 	 0.015349 	 0.018221 	 0.014591 	 0.013343 	 0.015839 	 -0.019309 	 -0.017657 	 -0.020961 	 -0.016785 	 -0.015349 	 -0.018221 
San Andreas (Coachella) rev                 	 -116.183000 	 33.740000 	 311.000000 	 -0.030000 	 -0.045000 	 -0.015000 	 -0.000000 	 -0.015000 	 0.015000 	 0.014854 	 0.007427 	 0.022281 	 0.017088 	 0.008544 	 0.025631 	 -0.012912 	 -0.006456 	 -0.019369 	 -0.014854 	 -0.007427 	 -0.022281 
San Andreas (Coachella) rev                 	 -116.238000 	 33.780000 	 314.000000 	 -0.015500 	 -0.019000 	 -0.009000 	 -0.000000 	 -0.003500 	 0.006500 	 0.007745 	 0.005996 	 0.010993 	 0.008020 	 0.006209 	 0.011384 	 -0.007480 	 -0.005791 	 -0.010616 	 -0.007745 	 -0.005996 	 -0.010993 
San Andreas (Mojave N)                      	 -118.602000 	 34.726000 	 290.000000 	 -0.042500 	 -0.051000 	 -0.034000 	 -0.000000 	 -0.008500 	 0.008500 	 0.013659 	 0.010927 	 0.016391 	 0.037528 	 0.030023 	 0.045034 	 -0.004972 	 -0.003977 	 -0.005966 	 -0.013659 	 -0.010927 	 -0.016391 
San Andreas (Mojave S)                      	 -117.957000 	 34.487000 	 297.000000 	 -0.037000 	 -0.055500 	 -0.018500 	 -0.000000 	 -0.018500 	 0.018500 	 0.014967 	 0.007483 	 0.022450 	 0.029374 	 0.014687 	 0.044061 	 -0.007626 	 -0.003813 	 -0.011439 	 -0.014967 	 -0.007483 	 -0.022450 
San Andreas (Mojave S)                      	 -117.886000 	 34.456000 	 293.000000 	 -0.035600 	 -0.042300 	 -0.029500 	 -0.000000 	 -0.006700 	 0.006100 	 0.012804 	 0.010394 	 0.014998 	 0.030165 	 0.024488 	 0.035334 	 -0.005435 	 -0.004412 	 -0.006366 	 -0.012804 	 -0.010394 	 -0.014998 
San Andreas (North Branch Mill Creek)       	 -117.190000 	 34.147000 	 208.000000 	 -0.002100 	 -0.002600 	 -0.001600 	 -0.000000 	 -0.000500 	 0.000500 	 -0.000870 	 -0.000663 	 -0.001078 	 0.000463 	 0.000353 	 0.000573 	 -0.001637 	 -0.001247 	 -0.002027 	 0.000870 	 0.000663 	 0.001078 
San Andreas (North Coast) 2011 CFM          	 -123.684800 	 38.986700 	 330.000000 	 -0.020000 	 -0.021000 	 -0.013000 	 -0.000000 	 -0.001000 	 0.007000 	 0.008660 	 0.008227 	 0.011691 	 0.005000 	 0.004750 	 0.006750 	 -0.015000 	 -0.014250 	 -0.020250 	 -0.008660 	 -0.008227 	 -0.011691 
San Andreas (North Coast) 2011 CFM          	 -123.219130 	 38.501910 	 315.000000 	 -0.019000 	 -0.023000 	 -0.015000 	 -0.000000 	 -0.004000 	 0.004000 	 0.009500 	 0.007500 	 0.011500 	 0.009500 	 0.007500 	 0.011500 	 -0.009500 	 -0.007500 	 -0.011500 	 -0.009500 	 -0.007500 	 -0.011500 
San Andreas (North Coast) 2011 CFM          	 -122.787400 	 38.031600 	 327.000000 	 -0.024000 	 -0.026000 	 -0.022000 	 -0.000000 	 -0.002000 	 0.002000 	 0.010963 	 0.010049 	 0.011876 	 0.007119 	 0.006526 	 0.007712 	 -0.016881 	 -0.015474 	 -0.018288 	 -0.010963 	 -0.010049 	 -0.011876 
San Andreas (Parkfield)                     	 -120.432700 	 35.893800 	 317.000000 	 -0.024800 	 -0.031400 	 -0.012400 	 -0.000000 	 -0.006600 	 0.012400 	 0.012370 	 0.009078 	 0.018555 	 0.011535 	 0.008465 	 0.017303 	 -0.013265 	 -0.009735 	 -0.019897 	 -0.012370 	 -0.009078 	 -0.018555 
San Andreas (Peninsula) 2011 CFM            	 -122.315000 	 37.472200 	 319.000000 	 -0.017000 	 -0.021000 	 -0.013000 	 -0.000000 	 -0.004000 	 0.004000 	 0.008417 	 0.006437 	 0.010398 	 0.007317 	 0.005595 	 0.009039 	 -0.009683 	 -0.007405 	 -0.011961 	 -0.008417 	 -0.006437 	 -0.010398 
San Andreas (San Bernardino N)              	 -117.428000 	 34.250000 	 308.000000 	 -0.020000 	 -0.027000 	 -0.012000 	 -0.000000 	 -0.007000 	 0.008000 	 0.009703 	 0.006307 	 0.013584 	 0.012419 	 0.008072 	 0.017387 	 -0.007581 	 -0.004928 	 -0.010613 	 -0.009703 	 -0.006307 	 -0.013584 
San Andreas (San Bernardino N)              	 -117.461100 	 34.270400 	 306.000000 	 -0.023000 	 -0.025000 	 -0.018000 	 -0.000000 	 -0.002000 	 0.005000 	 0.010937 	 0.009986 	 0.013315 	 0.015054 	 0.013745 	 0.018326 	 -0.007946 	 -0.007255 	 -0.009674 	 -0.010937 	 -0.009986 	 -0.013315 
San Andreas (San Bernardino N)              	 -117.461100 	 34.270400 	 307.000000 	 -0.024000 	 -0.029000 	 -0.018000 	 -0.000000 	 -0.005000 	 0.006000 	 0.011535 	 0.009132 	 0.014419 	 0.015308 	 0.012119 	 0.019135 	 -0.008692 	 -0.006881 	 -0.010865 	 -0.011535 	 -0.009132 	 -0.014419 
San Andreas (San Bernardino N)              	 -117.461100 	 34.270400 	 308.000000 	 -0.025000 	 -0.029000 	 -0.019000 	 -0.000000 	 -0.004000 	 0.006000 	 0.012129 	 0.010188 	 0.015040 	 0.015524 	 0.013040 	 0.019250 	 -0.009476 	 -0.007960 	 -0.011750 	 -0.012129 	 -0.010188 	 -0.015040 
San Andreas (San Bernardino N)              	 -117.461100 	 34.270400 	 305.000000 	 -0.024000 	 -0.028000 	 -0.020000 	 -0.000000 	 -0.004000 	 0.004000 	 0.011276 	 0.009397 	 0.013156 	 0.016104 	 0.013420 	 0.018788 	 -0.007896 	 -0.006580 	 -0.009212 	 -0.011276 	 -0.009397 	 -0.013156 
San Andreas (San Bernardino N)              	 -117.461100 	 34.270400 	 304.000000 	 -0.024500 	 -0.028000 	 -0.021000 	 -0.000000 	 -0.003500 	 0.003500 	 0.011358 	 0.009735 	 0.012981 	 0.016839 	 0.014433 	 0.019244 	 -0.007661 	 -0.006567 	 -0.008756 	 -0.011358 	 -0.009735 	 -0.012981 
San Andreas (San Bernardino S)              	 -116.896000 	 34.025000 	 316.000000 	 -0.013000 	 -0.019000 	 -0.006000 	 -0.000000 	 -0.006000 	 0.007000 	 0.006496 	 0.003498 	 0.009994 	 0.006273 	 0.003378 	 0.009651 	 -0.006727 	 -0.003622 	 -0.010349 	 -0.006496 	 -0.003498 	 -0.009994 
San Andreas (San Bernardino S)              	 -117.138000 	 34.116000 	 300.000000 	 -0.011550 	 -0.016800 	 -0.004600 	 -0.000000 	 -0.005250 	 0.006950 	 0.005001 	 0.002728 	 0.008011 	 0.008663 	 0.004725 	 0.013875 	 -0.002888 	 -0.001575 	 -0.004625 	 -0.005001 	 -0.002728 	 -0.008011 
San Andreas (San Bernardino S)              	 -117.138000 	 34.116000 	 300.000000 	 -0.011400 	 -0.015800 	 -0.007100 	 -0.000000 	 -0.004400 	 0.004300 	 0.004936 	 0.003031 	 0.006798 	 0.008550 	 0.005250 	 0.011775 	 -0.002850 	 -0.001750 	 -0.003925 	 -0.004936 	 -0.003031 	 -0.006798 
San Andreas (Santa Cruz Mountains) 2001 CFM 	 -121.673700 	 36.941000 	 318.000000 	 -0.022500 	 -0.024000 	 -0.021000 	 -0.000000 	 -0.001500 	 0.001500 	 0.011188 	 0.010442 	 0.011934 	 0.010074 	 0.009402 	 0.010746 	 -0.012426 	 -0.011598 	 -0.013254 	 -0.011188 	 -0.010442 	 -0.011934 
San Cayetano                                	 -119.013570 	 34.421890 	 270.000000 	 0.000000 	 -0.001900 	 0.001900 	 -0.006465 	 -0.008365 	 -0.004565 	 -0.000000 	 0.000000 	 0.000000 	 0.000000 	 -0.000000 	 -0.000000 	 0.000000 	 -0.000000 	 -0.000000 	 -0.006465 	 0.005053 	 0.007877 
San Cayetano                                	 -118.857790 	 34.395900 	 270.000000 	 0.000000 	 -0.001700 	 0.001700 	 -0.008472 	 -0.010172 	 -0.006772 	 -0.000000 	 0.000000 	 0.000000 	 0.000000 	 -0.000000 	 -0.000000 	 0.000000 	 -0.000000 	 -0.000000 	 -0.008472 	 0.007209 	 0.009735 
San Cayetano                                	 -119.134800 	 34.440600 	 270.000000 	 0.000000 	 -0.000200 	 0.000200 	 -0.000780 	 -0.000980 	 -0.000580 	 -0.000000 	 0.000000 	 0.000000 	 0.000000 	 -0.000000 	 -0.000000 	 0.000000 	 -0.000000 	 -0.000000 	 -0.000780 	 0.000632 	 0.000929 
San Cayetano                                	 -119.122800 	 34.440600 	 270.000000 	 0.000000 	 -0.000400 	 0.000040 	 -0.001003 	 -0.001403 	 -0.000963 	 -0.000000 	 0.000000 	 0.000000 	 0.000000 	 -0.000000 	 -0.000000 	 0.000000 	 -0.000000 	 -0.000000 	 -0.001003 	 0.000706 	 0.001033 
San Cayetano                                	 -118.857790 	 34.395900 	 270.000000 	 0.000000 	 -0.003000 	 0.002900 	 -0.005499 	 -0.008499 	 -0.002599 	 -0.000000 	 0.000000 	 0.000000 	 0.000000 	 -0.000000 	 -0.000000 	 0.000000 	 -0.000000 	 -0.000000 	 -0.005499 	 0.003270 	 0.007654 
San Diego Trough north alt 1                	 -118.138000 	 33.350000 	 330.000000 	 -0.001500 	 -0.001800 	 -0.001200 	 -0.000000 	 -0.000300 	 0.000300 	 0.000650 	 0.000520 	 0.000779 	 0.000375 	 0.000300 	 0.000450 	 -0.001125 	 -0.000900 	 -0.001350 	 -0.000650 	 -0.000520 	 -0.000779 
San Gregorio (North) 2011 CFM               	 -122.312200 	 37.121400 	 338.000000 	 -0.006000 	 -0.009000 	 -0.003000 	 -0.000000 	 -0.003000 	 0.003000 	 0.002084 	 0.001042 	 0.003126 	 0.000842 	 0.000421 	 0.001263 	 -0.005158 	 -0.002579 	 -0.007737 	 -0.002084 	 -0.001042 	 -0.003126 
San Jacinto (Anza) rev                      	 -116.668000 	 33.590700 	 306.000000 	 -0.014000 	 -0.016700 	 -0.009800 	 -0.000000 	 -0.002700 	 0.004200 	 0.006657 	 0.005373 	 0.008655 	 0.009163 	 0.007396 	 0.011912 	 -0.004837 	 -0.003904 	 -0.006288 	 -0.006657 	 -0.005373 	 -0.008655 
San Jacinto (Borrego)                       	 -116.071000 	 33.113000 	 311.000000 	 -0.004500 	 -0.006750 	 -0.002250 	 -0.000000 	 -0.002250 	 0.002250 	 0.002228 	 0.001114 	 0.003342 	 0.002563 	 0.001282 	 0.003845 	 -0.001937 	 -0.000968 	 -0.002905 	 -0.002228 	 -0.001114 	 -0.003342 
San Jacinto (Clark) rev                     	 -116.180000 	 33.282000 	 301.000000 	 -0.001300 	 -0.001700 	 -0.000900 	 -0.000000 	 -0.000400 	 0.000400 	 0.000574 	 0.000397 	 0.000751 	 0.000955 	 0.000661 	 0.001249 	 -0.000345 	 -0.000239 	 -0.000451 	 -0.000574 	 -0.000397 	 -0.000751 
San Jacinto (Clark) rev                     	 -116.180000 	 33.282000 	 301.000000 	 -0.003700 	 -0.004700 	 -0.002600 	 -0.000000 	 -0.001000 	 0.001100 	 0.001633 	 0.001192 	 0.002119 	 0.002719 	 0.001984 	 0.003527 	 -0.000981 	 -0.000716 	 -0.001273 	 -0.001633 	 -0.001192 	 -0.002119 
San Jacinto (Clark) rev                     	 -116.435000 	 33.446000 	 298.000000 	 -0.007500 	 -0.009100 	 -0.005500 	 -0.000000 	 -0.001600 	 0.002000 	 0.003109 	 0.002446 	 0.003938 	 0.005847 	 0.004600 	 0.007406 	 -0.001653 	 -0.001300 	 -0.002094 	 -0.003109 	 -0.002446 	 -0.003938 
San Jacinto (Clark) rev                     	 -116.367000 	 33.407000 	 298.000000 	 -0.008200 	 -0.011000 	 -0.006400 	 -0.000000 	 -0.002800 	 0.001800 	 0.003399 	 0.002238 	 0.004145 	 0.006393 	 0.004210 	 0.007796 	 -0.001807 	 -0.001190 	 -0.002204 	 -0.003399 	 -0.002238 	 -0.004145 
San Jacinto (Clark) rev                     	 -116.367000 	 33.407000 	 298.000000 	 -0.008900 	 -0.010900 	 -0.006900 	 -0.000000 	 -0.002000 	 0.002000 	 0.003689 	 0.002860 	 0.004518 	 0.006938 	 0.005379 	 0.008498 	 -0.001962 	 -0.001521 	 -0.002402 	 -0.003689 	 -0.002860 	 -0.004518 
San Jacinto (Superstition Hills)            	 -115.697000 	 32.928000 	 315.000000 	 -0.004000 	 -0.006000 	 -0.002000 	 -0.000000 	 -0.002000 	 0.002000 	 0.002000 	 0.001000 	 0.003000 	 0.002000 	 0.001000 	 0.003000 	 -0.002000 	 -0.001000 	 -0.003000 	 -0.002000 	 -0.001000 	 -0.003000 
San Jacinto (Superstition Mtn)              	 -115.954000 	 33.003000 	 298.000000 	 -0.007000 	 -0.009000 	 -0.005000 	 -0.000000 	 -0.002000 	 0.002000 	 0.002902 	 0.002073 	 0.003731 	 0.005457 	 0.003898 	 0.007016 	 -0.001543 	 -0.001102 	 -0.001984 	 -0.002902 	 -0.002073 	 -0.003731 
Santa Monica alt 1                          	 -118.526000 	 34.032000 	 259.000000 	 0.000433 	 0.000183 	 0.000683 	 -0.000065 	 -0.000315 	 0.000185 	 0.000079 	 0.000042 	 0.000125 	 -0.000405 	 -0.000215 	 -0.000644 	 0.000028 	 0.000002 	 0.000005 	 -0.000143 	 -0.000009 	 -0.000028 
Santa Susana alt 1                          	 -118.573000 	 34.305000 	 280.000000 	 0.000000 	 -0.003850 	 0.003850 	 -0.003413 	 -0.007263 	 0.000437 	 -0.000103 	 0.000036 	 0.000169 	 -0.000584 	 0.000206 	 0.000961 	 -0.000584 	 0.000206 	 0.000961 	 -0.003310 	 0.001168 	 0.005452 
Santa Ynez (East)                           	 -119.596000 	 34.490000 	 81.000000 	 0.005125 	 0.000150 	 0.010100 	 -0.000000 	 -0.004975 	 0.004975 	 0.000792 	 0.000023 	 0.001561 	 -0.005000 	 -0.000146 	 -0.009853 	 0.000125 	 0.000004 	 0.000247 	 -0.000792 	 -0.000023 	 -0.001561 
Sierra Madre                                	 -118.253000 	 34.247000 	 298.000000 	 0.000000 	 -0.001200 	 0.001200 	 -0.001083 	 -0.002283 	 0.000117 	 -0.000239 	 0.000080 	 0.000398 	 -0.000449 	 0.000150 	 0.000748 	 -0.000449 	 0.000150 	 0.000748 	 -0.000845 	 0.000282 	 0.001408 
Sierra Madre                                	 -118.187000 	 34.212000 	 273.000000 	 0.000000 	 -0.000900 	 0.000900 	 -0.001264 	 -0.002164 	 -0.000364 	 -0.000003 	 0.000002 	 0.000005 	 -0.000066 	 0.000038 	 0.000094 	 -0.000066 	 0.000038 	 0.000094 	 -0.001260 	 0.000720 	 0.001800 
Sierra Madre (San Fernando)                 	 -118.441000 	 34.300000 	 303.000000 	 0.000000 	 -0.000200 	 0.001200 	 -0.001273 	 -0.001473 	 -0.000073 	 -0.000378 	 0.000336 	 0.000629 	 -0.000581 	 0.000517 	 0.000969 	 -0.000581 	 0.000517 	 0.000969 	 -0.000895 	 0.000796 	 0.001492 
Simi - Santa Rosa                           	 -119.082000 	 34.224000 	 265.000000 	 0.000606 	 0.000406 	 0.000806 	 -0.000175 	 -0.000375 	 0.000025 	 0.000051 	 0.000039 	 0.000069 	 -0.000586 	 -0.000441 	 -0.000793 	 0.000020 	 -0.000008 	 -0.000014 	 -0.000226 	 0.000086 	 0.000156 
So Sierra Nevada                            	 -118.277000 	 36.731000 	 345.000000 	 0.000000 	 -0.000100 	 0.000100 	 0.000193 	 0.000093 	 0.000293 	 0.000180 	 -0.000120 	 -0.000240 	 0.000048 	 -0.000032 	 -0.000064 	 0.000048 	 -0.000032 	 -0.000064 	 0.000013 	 -0.000009 	 -0.000017 
Surprise Valley 2011 CFM                    	 -120.184500 	 41.568300 	 352.000000 	 0.000000 	 -0.000100 	 0.000100 	 0.000386 	 0.000286 	 0.000486 	 0.000378 	 -0.000315 	 -0.000441 	 0.000053 	 -0.000044 	 -0.000062 	 0.000053 	 -0.000044 	 -0.000062 	 0.000007 	 -0.000006 	 -0.000009 
Table Bluff                                 	 -124.236000 	 40.682000 	 303.000000 	 0.000000 	 -0.000200 	 0.000000 	 -0.000354 	 -0.000554 	 -0.000354 	 -0.000105 	 0.000063 	 0.000105 	 -0.000161 	 0.000097 	 0.000161 	 -0.000161 	 0.000097 	 0.000161 	 -0.000249 	 0.000149 	 0.000249 
Table Bluff                                 	 -124.458000 	 40.684000 	 292.000000 	 0.000000 	 -0.000120 	 0.000190 	 -0.000530 	 -0.000650 	 -0.000340 	 -0.000074 	 0.000063 	 0.000093 	 -0.000184 	 0.000155 	 0.000231 	 -0.000184 	 0.000155 	 0.000231 	 -0.000456 	 0.000383 	 0.000571 
Tank Canyon                                 	 -117.238000 	 35.730000 	 178.000000 	 0.000000 	 -0.000500 	 0.000600 	 0.000643 	 0.000143 	 0.001243 	 0.000642 	 -0.000321 	 -0.001027 	 0.000022 	 -0.000011 	 -0.000036 	 0.000022 	 -0.000011 	 -0.000036 	 0.000001 	 -0.000000 	 -0.000001 
Trinidad (alt1)                             	 -124.140000 	 41.062000 	 315.000000 	 0.000000 	 -0.000200 	 0.000200 	 -0.000328 	 -0.000528 	 -0.000128 	 -0.000164 	 0.000082 	 0.000246 	 -0.000164 	 0.000082 	 0.000246 	 -0.000164 	 0.000082 	 0.000246 	 -0.000164 	 0.000082 	 0.000246 
Trinidad (alt1)                             	 -124.260000 	 41.190000 	 322.000000 	 0.000000 	 -0.000100 	 0.000100 	 -0.000573 	 -0.000673 	 -0.000473 	 -0.000356 	 0.000305 	 0.000407 	 -0.000278 	 0.000238 	 0.000318 	 -0.000278 	 0.000238 	 0.000318 	 -0.000217 	 0.000186 	 0.000248 
Trinidad (alt1)                             	 -124.081000 	 41.010000 	 315.000000 	 0.000000 	 -0.000200 	 0.000200 	 -0.000737 	 -0.000937 	 -0.000537 	 -0.000369 	 0.000287 	 0.000451 	 -0.000369 	 0.000287 	 0.000451 	 -0.000369 	 0.000287 	 0.000451 	 -0.000369 	 0.000287 	 0.000451 
Trinidad (alt1)                             	 -124.100000 	 41.010000 	 322.000000 	 0.000000 	 -0.000100 	 0.000100 	 -0.001802 	 -0.001902 	 -0.001702 	 -0.001119 	 0.001068 	 0.001170 	 -0.000874 	 0.000835 	 0.000914 	 -0.000874 	 0.000835 	 0.000914 	 -0.000683 	 0.000652 	 0.000714 
White Mountains                             	 -118.331000 	 37.476000 	 174.000000 	 -0.000177 	 -0.000227 	 -0.000127 	 0.000000 	 -0.000050 	 0.000050 	 0.000018 	 0.000015 	 0.000022 	 0.000002 	 0.000002 	 0.000002 	 -0.000175 	 -0.000140 	 -0.000210 	 -0.000018 	 -0.000015 	 -0.000022 
White Mountains                             	 -118.349000 	 37.581000 	 173.000000 	 -0.000247 	 -0.000297 	 -0.000197 	 0.000000 	 -0.000050 	 0.000050 	 0.000030 	 0.000026 	 0.000034 	 0.000004 	 0.000003 	 0.000004 	 -0.000244 	 -0.000209 	 -0.000279 	 -0.000030 	 -0.000026 	 -0.000034 
White Mountains                             	 -118.349000 	 37.581000 	 173.000000 	 -0.000332 	 -0.000432 	 -0.000232 	 0.000000 	 -0.000100 	 0.000100 	 0.000040 	 0.000032 	 0.000049 	 0.000005 	 0.000004 	 0.000006 	 -0.000327 	 -0.000258 	 -0.000397 	 -0.000040 	 -0.000032 	 -0.000049 
Zayante-Vergeles                            	 -121.650000 	 36.867000 	 252.000000 	 -0.000520 	 -0.001080 	 -0.001020 	 -0.000000 	 -0.000560 	 -0.000500 	 -0.000153 	 -0.000010 	 -0.000025 	 0.000470 	 0.000031 	 0.000078 	 -0.000050 	 -0.000003 	 -0.000008 	 0.000153 	 0.000010 	 0.000025 
